layers.0
-0.2811, 0.0975, 0.3971, -0.3034, 0.3701
-0.1358, 0.3521, -0.0906, -0.5030, 0.4248
-0.4190, 0.4924, 0.1983, 0.3416, 0.3036
-0.3797, 0.1903, -0.1703, 0.0753, -0.0023
-0.0719, -0.2729, 0.1248, 0.2884, -0.0922

layers.1
0.1208, -0.6056, -0.1665, 0.1791, 0.0395
-0.3677, -0.0259, 0.2857, -0.0680, -0.0224
-0.2864, -0.1095, -0.5146, 0.1319, -0.1556
0.2120, -0.3680, -0.1495, -0.1707, 0.2267
-0.1156, 0.2274, 0.3976, -0.0202, -0.4617

layers.2
0.2082, -0.1193, 0.3084, 0.1746, 0.0660
-0.1047, -0.4112, 0.1526, -0.4064, -0.2637
0.3596, 0.1530, 0.1570, 0.0380, 0.0866
-0.0620, -0.2272, -0.0345, 0.1634, 0.2241
-0.3561, 0.3987, -0.3323, -0.3170, 0.1235

layers.3
0.1328, -0.2541, -0.1951, 0.2497, 0.3901
-0.0399, -0.3391, 0.3746, -0.3567, -0.3313
-0.1451, 0.3624, -0.3722, -0.3694, 0.1627
-0.3354, 0.0190, 0.3624, 0.1945, 0.1131
0.5295, -0.3624, 0.2342, -0.4184, 0.3314

layers.4
0.4641, -0.1722, 0.0215, 0.0186, 0.4474
-0.3960, -0.0776, -0.4529, 0.3293, 0.0476
0.2091, -0.4031, 0.2259, 0.0868, -0.3365
0.3462, 0.1168, -0.0594, -0.1441, 0.2250
-0.2877, 0.1974, -0.0346, -0.2978, -0.3629

layers.5
-0.2532, 0.6050, 0.5365, -0.4097, -0.0615
-0.5343, 0.0542, -0.3654, 0.1827, 0.4586
-0.4379, -0.3701, -0.1273, -0.1587, -0.3941
-0.1193, 0.0203, 0.2219, 0.0175, -0.2175
0.0281, 0.0496, -0.0991, 0.4192, -0.2563

layers.6
-0.1167, -0.4266, -0.1967, -0.2503, 0.2669
-0.1886, 0.3161, -0.3087, 0.1985, -0.0357
0.4228, -0.1431, 0.6077, -0.2511, -0.5410
-0.0991, -0.0441, 0.0558, 0.4690, -0.3175
-0.2936, 0.2593, -0.1952, -0.4638, -0.2138

layers.7
0.1692, -0.5312, -0.4951, 0.4243, -0.2375
-0.1206, 0.3007, 0.4933, -0.0842, 0.3552
-0.3949, -0.1752, 0.4963, 0.2496, 0.3736
-0.3790, 0.4404, -0.1250, 0.3979, 0.3432
-0.3841, -0.0295, -0.3457, -0.3694, 0.3234

layers.8
-0.3784, -0.4601, -0.3920, 0.2788, 0.3662
0.4417, 0.0988, 0.3344, -0.3500, -0.2102
0.3306, 0.0562, 0.1781, -0.2530, -0.2829
-0.1438, 0.0266, -0.1004, -0.1943, 0.3340
-0.4039, 0.3099, 0.4057, -0.1018, -0.4342

layers.9
0.5372, -0.1030, -0.1726, 0.2046, 0.1309
0.4512, -0.2880, 0.3079, 0.1699, 0.2492
-0.0193, 0.4370, -0.0185, -0.4223, 0.2683
-0.0265, -0.0829, -0.4101, -0.2180, 0.0355
0.0421, 0.0713, -0.2477, 0.2266, -0.4503

layers.10
-0.0476, -0.3317, -0.3835, 0.1174, -0.0245
-0.3019, 0.3938, -0.3633, -0.4486, -0.3759
0.5294, -0.4614, 0.0815, -0.5016, 0.2135
-0.4218, 0.0234, -0.2230, 0.0583, -0.0783
0.2220, -0.3750, -0.4810, 0.3501, 0.0059

layers.11
-0.5731, -0.1047, 0.2624, 0.5006, -0.3952
0.1160, 0.0774, 0.3167, -0.1411, -0.0311
0.0143, -0.4385, -0.3527, -0.1067, 0.1330
-0.2628, -0.2433, 0.0360, 0.0204, -0.3965
0.3713, -0.0745, 0.1407, -0.3374, -0.4454

layers.12
0.0868, -0.4102, 0.5562, -0.2792, 0.4665
-0.4890, 0.3365, -0.4275, -0.4173, 0.3589
-0.1078, -0.2905, 0.2456, 0.3048, 0.3590
-0.1238, 0.2073, -0.0470, -0.0609, -0.2018
0.4892, 0.3679, 0.1816, 0.0700, -0.3486

layers.13
-0.4142, 0.3342, 0.4154, -0.3920, -0.0967
0.2017, 0.3148, 0.4355, 0.0548, -0.3871
-0.1151, -0.1791, 0.0116, -0.0803, 0.5168
0.2752, 0.2241, -0.1133, 0.1179, 0.3983
0.1327, -0.3882, -0.4510, 0.5087, -0.2513

layers.14
0.5331, 0.0331, -0.0949, 0.3885, 0.1453
-0.0877, 0.4338, -0.2900, -0.0814, -0.0257
0.1471, -0.5247, 0.2203, 0.0818, 0.1809
0.0256, -0.4187, -0.1733, -0.0111, 0.1208
-0.2913, 0.1441, -0.3729, 0.0573, -0.0080

layers.15
-0.1496, 0.5015, -0.0053, -0.3161, 0.5699
-0.3950, 0.1574, -0.3491, -0.0080, 0.0340
0.5605, 0.4385, 0.2335, -0.5596, 0.0113
-0.1881, -0.0037, 0.4236, -0.0643, 0.3461
0.0366, -0.0563, 0.2301, -0.1331, -0.3406

layers.16
-0.1402, 0.4034, 0.4572, -0.0310, -0.0925
-0.2628, 0.0650, 0.1907, 0.5004, -0.3853
0.3695, 0.0664, -0.1089, 0.2937, 0.4067
-0.2005, -0.0807, -0.2513, 0.3218, 0.1574
0.3653, 0.2651, -0.4875, 0.0486, -0.4676

layers.17
0.4065, 0.2474, -0.5577, -0.5903, 0.0226
0.2274, 0.4295, -0.0128, -0.2188, 0.2871
0.0268, -0.3391, 0.2383, 0.3452, 0.1926
-0.3659, -0.1817, -0.2285, -0.1855, -0.0736
0.0145, 0.2364, -0.4299, 0.0316, -0.1000

layers.18
-0.1669, -0.1817, 0.6315, -0.3152, 0.1561
0.2914, -0.4379, 0.1792, 0.0564, 0.2446
0.4912, 0.0536, 0.2769, 0.4625, 0.4043
0.0531, -0.3083, -0.4473, 0.4518, -0.4306
-0.3231, 0.5557, -0.1809, -0.4247, -0.3663

layers.19
-0.1748, -0.5622, 0.6284, 0.2569, -0.4920
0.1440, -0.1822, 0.4089, 0.4759, -0.4311
-0.6049, 0.4120, -0.2667, 0.4070, 0.1046
-0.4088, 0.0381, -0.1815, 0.1945, 0.1634
0.0921, 0.2732, 0.1406, -0.1859, 0.3293

layers.20
0.1041, 0.2566, 0.0722, 0.0081, -0.1591
0.2586, 0.1046, -0.3028, 0.0163, 0.1444
0.5106, 0.3910, 0.0386, -0.1598, -0.0192
0.3446, -0.0974, -0.3985, -0.3568, -0.3334
-0.3222, -0.3084, -0.1441, 0.1801, 0.3383

layers.21
-0.0698, -0.1163, 0.2072, 0.1972, -0.3982
-0.5245, 0.2337, -0.0882, -0.3610, 0.5002
-0.0679, 0.4981, -0.3391, -0.2066, 0.1931
0.3905, 0.0640, -0.0774, 0.3890, -0.3565
0.3767, -0.0279, -0.4681, 0.2706, 0.1713

layers.22
0.3160, -0.4604, 0.3229, 0.3496, -0.4246
-0.3471, -0.3451, -0.2920, 0.1888, 0.4885
-0.3933, -0.4481, 0.3034, -0.3051, -0.0216
-0.2739, -0.3501, 0.1163, -0.1658, -0.1413
-0.4276, 0.4341, 0.0074, 0.2549, -0.2680

layers.23
-0.5277, 0.4595, -0.0976, -0.4179, 0.3563
0.1602, -0.3051, -0.4504, -0.2868, -0.0899
-0.3736, -0.0341, 0.1357, 0.5116, 0.1790
0.2887, 0.2769, 0.0151, 0.2881, 0.3621
0.2174, -0.2405, 0.2077, 0.3822, -0.1719

layers.24
-0.4037, 0.0501, -0.3571, -0.3260, 0.5718
0.5337, 0.0071, 0.1783, 0.0180, -0.3837
0.0373, -0.3030, -0.1372, 0.0127, -0.3721
-0.3233, -0.4602, -0.0794, 0.1511, -0.3264
-0.5139, -0.4899, 0.1137, -0.4391, -0.2003

layers.25
-0.3626, 0.1775, -0.0457, -0.0342, 0.1031
0.3226, -0.5393, 0.4938, 0.1733, -0.0315
-0.2809, -0.4305, -0.3417, 0.4333, -0.2733
0.0597, -0.3811, 0.0146, 0.0930, -0.2584
-0.1490, -0.3168, 0.3420, -0.3579, -0.3257

layers.26
-0.4770, -0.0387, -0.2400, -0.0317, -0.2602
-0.0208, -0.1880, -0.2560, 0.0531, -0.5212
-0.5343, -0.0279, -0.2253, -0.0339, 0.3484
0.4255, 0.3587, 0.1341, -0.1396, -0.2394
0.0333, 0.3170, -0.0675, -0.1058, -0.4396

layers.27
-0.3215, 0.1245, 0.3954, -0.2286, -0.2272
-0.0549, -0.3928, -0.3168, -0.0758, 0.4482
0.5699, -0.3281, -0.2255, 0.2255, -0.5638
0.3890, -0.2711, 0.3427, 0.0558, 0.0645
0.2177, -0.1510, 0.1573, 0.3526, 0.0353

layers.28
-0.5133, 0.3795, 0.4943, -0.5225, 0.4325
-0.0459, 0.1330, -0.1347, 0.0305, -0.4149
-0.1931, -0.4540, -0.4501, -0.4347, 0.3943
0.1986, 0.4392, 0.0708, -0.0168, -0.4044
0.4396, -0.1514, -0.0358, 0.2639, -0.4528

layers.29
-0.1709, 0.0200, -0.0931, 0.4645, 0.3736
-0.0121, -0.2562, 0.4356, 0.5288, -0.1154
0.1395, -0.0636, -0.0663, -0.3991, -0.0773
0.4533, -0.3270, 0.1990, -0.0966, -0.1596
0.4324, -0.4459, 0.3965, -0.1490, -0.1645

layers.30
-0.1703, 0.1509, -0.0601, -0.3207, 0.4870
-0.4017, -0.4629, 0.5256, -0.3415, -0.1425
0.3625, 0.4148, -0.3391, -0.3940, -0.4120
-0.2510, -0.0525, -0.2774, -0.2584, 0.2670
-0.0994, -0.1250, -0.5168, -0.2659, 0.2466

layers.31
0.1308, -0.2199, -0.5721, -0.3877, 0.1518
-0.3287, 0.0750, 0.0183, 0.1500, -0.3801
-0.1504, 0.2358, 0.2108, -0.5519, -0.0500
-0.1693, -0.2166, 0.3786, -0.3096, -0.0110
0.0639, -0.4078, -0.0073, 0.3854, -0.1285

