layers.0
-0.1509, 0.4957, 0.0820, 0.1884, 0.1343
0.4200, 0.4455, -0.2579, 0.3236, -0.2488
0.0512, -0.1126, -0.0880, 0.1948, -0.3194
-0.1024, -0.2434, -0.3212, 0.0793, 0.3811
0.1016, 0.0882, -0.2698, 0.2263, 0.0753

layers.1
-0.2760, 0.4753, -0.2118, 0.5009, 0.1632
-0.2511, 0.1104, -0.3352, 0.2012, -0.2322
0.3349, 0.1495, -0.0752, 0.3767, -0.3112
-0.0218, -0.3535, -0.0725, 0.4241, -0.1066
0.2350, -0.2293, 0.2635, -0.1965, -0.2618

layers.2
-0.1395, 0.4232, 0.0660, 0.4369, 0.0611
-0.0938, -0.2369, 0.2189, -0.2092, 0.0042
-0.0428, -0.0932, -0.4121, -0.0340, -0.3934
-0.4469, 0.0894, 0.2867, 0.0741, 0.3770
0.1847, -0.3693, 0.3191, 0.0372, -0.0525

layers.3
0.3066, 0.0813, 0.3100, -0.0972, 0.3317
-0.3093, 0.2040, -0.0065, -0.1366, 0.3092
0.1122, -0.1037, 0.1749, -0.0903, 0.1361
0.4420, -0.1876, -0.3543, 0.2696, 0.4390
-0.0894, 0.3862, 0.0868, 0.4237, -0.1290

layers.4
-0.4051, 0.1079, -0.3856, 0.4880, -0.5391
0.2488, -0.4386, 0.1683, 0.3943, -0.2414
-0.4222, -0.2844, 0.0319, 0.3651, 0.4824
-0.0798, 0.0242, -0.2188, -0.0494, 0.1401
0.4192, 0.0025, 0.2086, -0.2716, -0.3605

layers.5
-0.3160, 0.0040, 0.3313, 0.0360, -0.0909
-0.4699, -0.3386, 0.3753, -0.2958, -0.3378
-0.3569, 0.2802, -0.1778, -0.3594, -0.2281
0.2554, 0.0925, 0.4075, 0.0054, -0.3790
0.2718, -0.0596, 0.4481, -0.0956, -0.0933

layers.6
0.0821, -0.3269, -0.1564, -0.3982, -0.0502
-0.3333, -0.0517, 0.2930, 0.2183, 0.1844
-0.0227, -0.2409, -0.2388, 0.1199, 0.2206
-0.1905, -0.3143, 0.1739, 0.2894, 0.1579
-0.3564, -0.1495, -0.2149, 0.1909, 0.4753

layers.7
-0.3074, 0.4085, 0.4592, 0.3515, -0.2101
0.1730, -0.4153, -0.2836, 0.4151, -0.4038
0.4538, -0.2237, -0.0222, -0.3677, -0.1067
0.0581, -0.3734, -0.0088, -0.3981, 0.1593
-0.0055, 0.0732, 0.1334, 0.2153, -0.0753

layers.8
0.0275, 0.5015, -0.1171, -0.2929, 0.0081
0.1741, 0.0377, 0.0011, 0.2412, -0.0558
-0.1637, 0.4455, -0.0096, -0.2726, -0.3479
-0.3816, 0.1020, -0.4177, -0.0818, 0.2835
-0.3015, -0.3150, 0.3587, -0.1690, -0.0669

layers.9
-0.3519, -0.1859, 0.3745, 0.3089, -0.1062
0.1489, -0.2484, 0.1575, -0.1873, 0.1689
0.3757, -0.1571, -0.2208, -0.0716, -0.3977
0.0116, 0.4277, 0.4377, -0.0366, 0.3711
0.1157, 0.3211, -0.4067, 0.2751, 0.4248

layers.10
-0.4577, 0.1950, 0.4959, -0.0906, 0.3582
0.2814, 0.1769, 0.1466, -0.4503, -0.0859
0.0122, -0.1848, -0.0687, 0.3399, -0.2433
0.3193, 0.1433, -0.3515, -0.2645, 0.2508
0.1884, -0.1253, -0.0392, -0.0038, -0.3516

layers.11
-0.1490, 0.3175, 0.4674, -0.4017, -0.3011
0.3697, 0.1245, -0.0689, -0.1005, 0.4344
-0.4578, 0.3337, 0.1102, 0.2170, 0.1134
-0.2741, 0.4476, -0.1738, -0.1339, -0.3279
0.3845, 0.2096, -0.3893, 0.1704, 0.4797

layers.12
-0.3480, 0.5412, -0.2176, -0.0726, -0.2477
-0.1213, -0.1100, -0.1845, -0.3269, 0.1173
-0.4103, -0.4804, 0.3297, -0.0532, 0.2929
-0.0074, -0.0645, 0.2474, 0.1221, -0.2552
0.3089, 0.1154, -0.3771, -0.1241, 0.4299

layers.13
0.1581, 0.3167, 0.0041, 0.3815, 0.1914
0.1431, 0.1736, -0.3752, -0.3117, 0.1236
-0.2679, 0.1037, -0.3058, 0.0266, -0.4910
0.2520, -0.2200, 0.2626, -0.3207, 0.3538
-0.0791, -0.0096, -0.0468, -0.4302, 0.3634

layers.14
-0.1722, -0.0629, 0.4498, 0.2908, 0.0318
-0.2077, -0.3326, 0.3962, -0.2772, -0.2219
-0.4099, 0.4989, -0.0118, -0.0700, 0.1012
-0.0764, 0.1970, -0.4250, 0.3824, -0.3054
0.0244, 0.3665, 0.4060, -0.2720, 0.4216

layers.15
-0.2972, -0.4427, 0.1456, -0.4812, -0.4440
-0.0341, 0.2541, -0.2605, 0.3661, -0.4113
-0.3504, 0.1942, -0.1166, -0.2132, -0.4673
-0.4187, -0.3057, -0.2381, 0.3998, -0.1001
-0.3318, -0.2335, -0.1401, -0.3088, 0.3265

layers.16
-0.5346, -0.3844, -0.0269, 0.2898, -0.2579
0.3501, 0.3400, 0.1002, 0.1387, -0.0633
0.2742, -0.4763, -0.2426, 0.0772, -0.4655
0.1481, 0.4235, -0.1253, -0.3612, -0.0324
0.4230, 0.1490, 0.2904, 0.2510, -0.0513

layers.17
0.0961, 0.2160, 0.4672, -0.2048, 0.3894
0.2644, -0.1315, -0.2579, 0.1537, -0.1310
0.2861, 0.0658, -0.1427, -0.0180, -0.2268
-0.4015, 0.0944, -0.0971, -0.4165, 0.2982
-0.1830, 0.3189, -0.3004, 0.0492, 0.0225

layers.18
-0.0624, -0.0426, 0.4572, -0.4781, -0.3440
0.2154, 0.0915, 0.0501, 0.3016, 0.2213
-0.2253, 0.0858, -0.2390, -0.3344, -0.1873
0.3665, -0.1117, -0.4074, -0.2826, -0.1989
-0.1915, 0.0769, 0.2278, -0.2191, -0.2648

layers.19
0.2398, 0.3829, 0.3437, 0.4537, -0.4710
-0.4573, -0.4558, 0.3278, -0.0059, -0.2160
-0.4949, -0.0105, 0.3489, 0.2396, -0.1284
0.1989, 0.1497, 0.0645, -0.1622, 0.0182
-0.1844, -0.0945, 0.1685, -0.4215, 0.4112

layers.20
-0.3055, 0.5124, -0.3749, -0.2482, 0.2500
-0.3416, -0.2675, -0.4148, -0.1388, 0.1015
-0.3683, 0.0513, -0.1420, -0.1810, -0.4069
-0.2047, 0.4218, -0.2144, -0.3268, 0.0048
0.3546, -0.0631, -0.1299, 0.3069, 0.2683

layers.21
-0.1625, -0.2964, -0.4584, 0.3471, -0.1995
-0.0328, 0.0300, -0.2659, 0.1027, -0.0693
0.4238, 0.2070, -0.0641, -0.0363, -0.4244
-0.2645, 0.2557, 0.2654, -0.1903, 0.2754
-0.0548, 0.0372, -0.2841, -0.4012, -0.0695

layers.22
-0.3869, -0.0457, -0.4714, -0.1363, 0.0346
0.3835, 0.4100, -0.0407, 0.2693, -0.3524
-0.2177, -0.0330, 0.3796, 0.3195, -0.0544
-0.2153, 0.0982, 0.2018, 0.0144, -0.2446
-0.2957, 0.1248, -0.0968, 0.0418, -0.4166

layers.23
0.1661, -0.0052, 0.0544, -0.1550, 0.2683
0.1972, 0.3361, 0.4336, -0.2224, -0.0207
-0.3757, -0.2096, -0.3770, -0.0461, -0.4010
0.1309, 0.1314, 0.3761, -0.1356, 0.4136
-0.3070, 0.2275, -0.2048, 0.0196, 0.3226

layers.24
0.2670, 0.4124, -0.1474, -0.3178, 0.3051
-0.2074, -0.2950, 0.4637, 0.2628, -0.2984
-0.3908, -0.0689, -0.0628, 0.0973, 0.3139
0.2278, -0.1488, -0.1349, -0.2115, -0.3037
0.2059, 0.1244, 0.0054, 0.1238, -0.3026

layers.25
-0.1879, 0.4283, -0.1250, -0.4400, -0.0045
0.2317, 0.3782, 0.1833, 0.1596, -0.3163
0.1371, 0.4182, -0.2288, -0.0158, 0.0423
0.0162, 0.3775, 0.1285, 0.2620, 0.2041
-0.3428, -0.2180, -0.3268, 0.3789, -0.3816

layers.26
-0.1526, -0.4419, 0.1332, 0.2105, 0.0569
0.1644, 0.0983, 0.1262, 0.2342, 0.1994
-0.1895, -0.1215, -0.3316, 0.4219, -0.0204
-0.3533, -0.1796, 0.3434, -0.3695, 0.1783
-0.3390, 0.0347, -0.0403, 0.3467, 0.3244

layers.27
-0.0655, 0.3226, -0.2250, -0.0282, 0.2674
-0.4429, 0.3056, -0.0205, 0.4364, 0.0754
0.2378, 0.2573, -0.1458, -0.5134, -0.3692
-0.0968, -0.2546, 0.1174, -0.0147, 0.1099
0.1637, 0.0540, -0.3443, -0.3966, 0.0724

layers.28
0.1144, 0.3192, -0.4327, -0.2073, -0.0231
-0.1991, 0.2076, 0.0109, 0.4909, -0.3359
0.0406, 0.0751, -0.2077, -0.2543, -0.4250
-0.2317, 0.0010, 0.1979, -0.4396, 0.4151
-0.4135, -0.3337, -0.3565, -0.2327, -0.2431

layers.29
0.2894, 0.0623, -0.2001, 0.1770, -0.3083
0.3966, -0.0807, -0.3360, 0.2274, 0.0212
0.3253, 0.1095, -0.0862, -0.1583, 0.3049
-0.1239, -0.3298, -0.3644, 0.3599, -0.4332
0.1971, -0.3808, -0.2528, 0.0772, -0.0040

layers.30
0.3826, 0.0672, -0.1843, -0.0174, 0.3657
0.4316, 0.0606, 0.1910, -0.1868, -0.0573
0.4574, -0.2856, -0.2987, -0.2263, 0.3215
-0.3752, 0.0774, 0.3596, -0.3727, -0.4188
-0.3773, -0.3804, 0.3317, -0.3111, -0.2740

layers.31
0.0899, 0.0278, 0.2854, -0.2912, -0.3340
-0.1873, -0.0887, -0.0905, 0.1329, -0.4171
0.0802, 0.4238, 0.1937, -0.3849, 0.4319
0.1939, 0.0761, 0.4349, 0.0654, 0.1775
-0.0175, 0.2298, -0.3918, -0.3765, 0.2202

