layers.0
-0.4201, 0.2339, 0.4333, 0.3010, -0.1228
-0.4777, -0.0549, -0.2811, 0.2375, 0.1096
0.3091, 0.3623, -0.4339, -0.3389, -0.2271
-0.2794, 0.4266, -0.1306, -0.1065, 0.1931
0.4414, -0.2051, 0.1412, 0.0988, 0.1081

layers.1
-0.3176, -0.0566, -0.3563, 0.3126, -0.2385
-0.3209, -0.0964, -0.3134, 0.3778, 0.0591
-0.2912, -0.2889, -0.4398, 0.4134, 0.2013
0.3102, -0.1086, 0.0664, 0.1365, 0.2675
0.3733, 0.2121, 0.1727, 0.2900, 0.0601

layers.2
-0.3853, 0.0049, 0.1182, -0.2005, -0.3726
-0.3824, -0.1998, -0.4182, 0.0533, 0.2428
-0.2541, 0.3220, 0.4808, -0.0746, 0.4829
0.0650, 0.2055, 0.1299, 0.1222, 0.4153
0.0218, -0.1957, -0.0549, 0.3893, -0.4257

layers.3
-0.3972, -0.0815, -0.3584, -0.0217, -0.2226
-0.1071, 0.1037, 0.2168, -0.1875, 0.5017
-0.2669, 0.0573, -0.1542, 0.4676, 0.5661
0.0577, -0.3338, 0.2650, -0.3326, 0.0287
0.3258, -0.3987, 0.2314, -0.3338, -0.0084

layers.4
-0.4340, 0.1647, 0.1051, 0.3666, -0.2105
-0.1005, -0.5117, 0.0603, 0.1212, 0.3130
0.1941, -0.3483, 0.3580, -0.1611, -0.2787
-0.4363, 0.0930, -0.1316, 0.0342, 0.0611
-0.3093, 0.1812, -0.1123, 0.2759, -0.1805

layers.5
-0.4677, 0.2258, 0.4322, -0.5021, 0.4080
0.3975, -0.0330, 0.0409, 0.1880, -0.2358
0.4828, 0.3594, -0.0324, -0.3215, 0.1683
0.0708, -0.1776, -0.0888, 0.0404, 0.0498
-0.5118, -0.3598, 0.5132, 0.1223, 0.1333

layers.6
0.4698, -0.2882, -0.2542, 0.1708, -0.2128
0.3610, -0.4981, 0.1694, 0.4711, -0.4925
0.2398, -0.2780, -0.4527, 0.2112, 0.0895
0.2558, 0.4119, -0.4451, -0.4211, -0.2653
0.2475, 0.4928, 0.4218, -0.0323, -0.0327

layers.7
-0.0621, -0.1229, -0.5460, 0.2225, -0.3276
-0.0997, -0.3999, -0.0504, -0.3501, -0.0391
-0.1420, -0.4606, 0.5112, -0.1079, -0.4821
-0.3696, -0.3879, 0.0748, -0.0856, 0.0080
0.2436, -0.3001, -0.0102, 0.1595, -0.4284

layers.8
-0.3203, -0.2919, -0.3764, 0.3099, 0.4651
-0.4267, -0.0061, -0.0006, 0.4118, -0.1156
-0.3125, 0.5522, -0.0201, 0.3851, -0.4564
-0.1381, -0.2761, -0.0494, -0.0226, 0.0906
0.0583, -0.0224, 0.3825, -0.1412, 0.1678

layers.9
-0.2662, -0.2288, -0.0342, 0.0888, 0.3754
0.3462, 0.1260, 0.3469, 0.1129, 0.1863
0.1941, -0.4314, 0.1861, 0.3210, -0.3450
0.4149, 0.1761, 0.1648, -0.4339, 0.1553
0.4394, 0.3899, -0.4002, -0.3553, -0.1502

layers.10
0.1592, 0.1774, 0.4350, -0.3548, -0.3400
-0.1760, 0.2948, -0.0016, -0.4338, -0.4021
-0.3803, 0.4477, 0.4608, 0.0913, 0.1210
0.2076, 0.1066, 0.1386, 0.3048, 0.1823
0.3297, 0.0974, 0.0641, 0.1773, -0.0506

layers.11
-0.4771, -0.3381, -0.3144, 0.3539, 0.5242
0.3684, 0.3536, 0.1652, 0.0158, -0.1252
0.2674, -0.2736, 0.2266, -0.0871, 0.0029
-0.2123, -0.2255, 0.1812, -0.0320, -0.2559
-0.3012, 0.1443, 0.2322, -0.1720, 0.0716

layers.12
0.1200, -0.2520, -0.4085, 0.3459, -0.3476
0.1549, 0.1270, -0.3315, -0.4241, 0.4762
0.3165, 0.3951, -0.4827, 0.4499, -0.4970
-0.0741, -0.4248, 0.4048, 0.2970, -0.0293
-0.1909, 0.4367, -0.2883, 0.2292, 0.2963

layers.13
0.0016, -0.3355, 0.1272, -0.1521, 0.3708
0.3635, -0.5124, -0.3708, 0.2723, 0.0756
-0.1140, 0.1673, 0.3137, 0.1559, -0.2033
0.4709, -0.1637, -0.2856, -0.0464, -0.1191
-0.4941, -0.0782, -0.3196, 0.2954, 0.3274

layers.14
0.3488, 0.1651, -0.2590, 0.4571, -0.3149
0.2508, -0.4562, 0.2189, -0.3936, 0.4928
-0.1614, 0.1601, 0.3712, -0.2460, -0.3855
0.1698, -0.1956, 0.1715, 0.2895, 0.3289
-0.2582, -0.3117, 0.0770, -0.4501, -0.4015

layers.15
-0.3642, 0.0334, -0.0291, -0.4168, -0.0089
0.4279, -0.1337, 0.1837, 0.4082, 0.2759
-0.2932, 0.4663, 0.2958, -0.2797, -0.2176
0.0040, -0.2705, 0.2952, 0.3514, -0.0213
0.1513, -0.0436, -0.3227, -0.2301, 0.2618

layers.16
0.0330, 0.0191, -0.4122, 0.3272, 0.0830
-0.1815, 0.4680, -0.4857, -0.0615, -0.1007
-0.3400, -0.3280, -0.2805, 0.1136, -0.4712
-0.0546, 0.2770, 0.4590, -0.3149, 0.2234
0.2991, -0.4089, 0.0142, -0.3902, 0.2803

layers.17
0.0580, 0.2253, 0.0346, -0.5801, -0.0152
-0.4366, -0.4234, 0.3010, 0.1319, 0.0984
0.0390, 0.3496, -0.1286, -0.4482, -0.0228
0.0270, -0.4033, -0.2556, 0.0450, 0.2274
0.0264, -0.2537, 0.4946, 0.0488, -0.4930

layers.18
-0.1225, -0.4177, 0.0042, 0.0675, -0.4596
-0.0966, -0.1813, -0.0996, 0.0037, -0.3794
-0.0559, 0.0036, -0.2407, 0.2066, 0.1973
-0.0423, -0.3870, -0.3145, -0.2104, 0.1972
-0.2006, 0.1706, 0.3756, -0.4409, 0.4347

layers.19
-0.4391, -0.3682, -0.5982, 0.4027, -0.1494
0.3711, -0.2008, 0.2658, 0.4515, 0.2472
0.0439, 0.3170, -0.1669, -0.3331, 0.4306
0.3430, -0.2745, -0.0751, 0.0205, 0.0040
0.2738, 0.1812, -0.4356, -0.3009, -0.2882

layers.20
0.3243, -0.5397, 0.2557, 0.3818, 0.4364
-0.1193, 0.2201, -0.3122, -0.0972, 0.0019
0.0179, 0.3967, 0.0887, -0.0237, 0.3820
0.3998, -0.0677, -0.1323, 0.1778, -0.1640
-0.1696, 0.2811, -0.2557, 0.0032, -0.3098

layers.21
-0.1957, 0.0140, -0.3426, 0.3876, -0.3187
-0.0447, -0.4151, 0.3529, 0.2571, -0.2849
-0.2104, -0.3005, -0.2060, -0.3156, -0.0382
0.3509, -0.1974, 0.3901, 0.2428, 0.2831
-0.3472, -0.2107, 0.4024, 0.4057, -0.2250

layers.22
-0.4618, 0.0938, 0.1155, 0.1618, 0.5248
0.2466, 0.3452, -0.2481, 0.1118, 0.2867
0.3834, 0.0455, -0.0742, 0.1895, 0.0941
0.0966, 0.1219, 0.2431, 0.2231, 0.0766
-0.3673, 0.4592, 0.3543, -0.1447, -0.0135

layers.23
-0.1257, -0.0680, 0.5267, -0.3798, 0.1896
0.2485, 0.3869, 0.1650, 0.1123, 0.2097
0.3673, 0.0015, 0.0541, -0.1291, 0.2406
0.1287, 0.3545, 0.1156, -0.0845, -0.0139
0.1717, 0.3163, -0.2821, -0.4388, -0.3429

layers.24
0.4964, 0.2022, -0.2640, 0.2650, -0.3674
0.1792, 0.3804, -0.0075, 0.0258, -0.0099
0.3317, -0.5428, 0.1246, 0.2851, 0.0373
0.0692, 0.1131, -0.2325, 0.0879, -0.2194
-0.2101, -0.4643, 0.0911, -0.3205, -0.1955

layers.25
0.2959, -0.2761, 0.3801, -0.4901, -0.1310
-0.1742, 0.1903, 0.1215, -0.2037, 0.2281
0.0553, -0.3509, 0.1883, 0.3459, 0.0739
0.0649, -0.4086, 0.2092, -0.3284, -0.3031
0.0480, 0.0433, 0.1466, 0.0934, 0.0810

layers.26
-0.2602, 0.2748, -0.4777, -0.4490, 0.1751
-0.0920, -0.0159, -0.4704, -0.0162, -0.0320
0.1080, 0.3246, 0.3765, -0.5377, 0.1777
-0.0550, -0.2810, 0.0090, 0.0308, -0.0634
-0.2358, 0.1139, 0.4512, 0.2459, -0.1650

layers.27
-0.3863, 0.4122, 0.5091, 0.3234, -0.4752
0.2906, -0.4846, -0.4174, 0.3903, -0.4535
0.4940, 0.3467, -0.4364, -0.1984, -0.4694
-0.1052, 0.1064, -0.2176, 0.0770, 0.1570
-0.2913, -0.0438, -0.1502, -0.3622, -0.1730

layers.28
-0.3779, -0.1180, 0.3632, -0.3480, 0.4401
-0.4232, 0.0198, 0.4627, 0.4381, -0.3881
0.2328, 0.0479, -0.1590, 0.5019, -0.2613
-0.2052, 0.4405, 0.1095, 0.0372, -0.4303
-0.0781, 0.1102, -0.0300, 0.1887, -0.1663

layers.29
0.3544, -0.3672, 0.2371, -0.4716, 0.0910
-0.1240, -0.1043, 0.2477, 0.2498, 0.1101
-0.3591, -0.4258, -0.3196, 0.3835, -0.4205
-0.1787, -0.3788, -0.0349, -0.4715, -0.1880
-0.0231, 0.4006, -0.2336, -0.3122, -0.3616

layers.30
0.1666, -0.5308, -0.1955, -0.1263, 0.4430
-0.2784, -0.2572, -0.5145, -0.0737, 0.3699
-0.0321, 0.3870, -0.2702, 0.1456, -0.0432
0.0865, -0.0581, -0.3621, 0.5092, -0.3677
-0.1812, -0.2476, 0.0541, -0.0686, 0.3211

layers.31
0.0248, 0.0938, 0.4657, -0.3162, -0.5015
-0.4550, -0.2965, 0.0881, -0.2061, -0.0156
0.4894, 0.1140, -0.1060, -0.3714, -0.0943
0.1317, 0.0450, 0.1931, 0.2563, -0.0694
0.1799, -0.0480, -0.3625, -0.0617, -0.4062

