layers.0
0.4144, 0.0495, -0.0838, 0.1823, -0.0601
-0.1535, 0.4155, 0.1283, 0.1356, 0.4305
-0.3903, -0.3772, -0.0201, 0.4213, -0.1764
-0.4583, 0.0629, 0.0230, -0.4549, -0.3508
-0.3022, -0.0971, 0.4014, 0.3880, 0.0751

layers.1
0.3707, -0.3053, 0.1547, -0.4137, 0.0731
0.4537, 0.3962, 0.2611, -0.0237, 0.0732
0.3699, -0.1609, -0.4682, 0.0438, -0.4303
0.1478, -0.0430, -0.0104, 0.1279, -0.1432
0.0287, 0.1611, 0.2408, 0.3167, 0.0510

layers.2
-0.2663, 0.0836, 0.3376, -0.2696, -0.0858
-0.3774, -0.2519, -0.2185, -0.3972, 0.0904
-0.1677, -0.4136, -0.2396, -0.0702, 0.0587
0.4107, 0.1144, -0.3446, 0.1209, -0.4387
-0.4285, 0.4046, -0.2928, -0.3192, -0.3900

layers.3
0.0884, 0.4594, -0.4008, -0.3277, 0.3564
0.3697, -0.2968, 0.4337, -0.2723, -0.0171
0.1701, -0.1051, 0.1582, -0.2996, 0.0147
-0.2392, -0.2361, 0.0670, -0.2187, -0.4309
0.1129, -0.0658, 0.0392, 0.2037, -0.2417

layers.4
-0.1610, -0.4167, -0.2703, 0.2521, -0.2570
-0.1067, 0.1224, 0.2680, -0.1599, -0.4257
-0.3936, -0.0640, -0.2061, -0.4385, -0.2874
0.0052, 0.2968, 0.0991, -0.4472, -0.3152
-0.2567, -0.3009, -0.3139, 0.3942, 0.2897

layers.5
-0.4698, -0.0714, 0.1767, 0.4115, -0.4461
0.2290, 0.3680, 0.1094, 0.3153, -0.1975
0.2199, -0.2847, -0.1504, -0.2879, -0.2922
-0.3861, 0.3976, 0.0660, 0.1821, -0.1747
-0.0393, 0.3547, -0.2558, -0.4258, 0.2031

layers.6
-0.2000, -0.0590, -0.4025, -0.4079, -0.0457
0.1197, -0.0253, -0.0241, -0.4462, 0.1510
0.4495, -0.4198, 0.1781, -0.4167, -0.4002
-0.2165, -0.1612, -0.3102, 0.4411, 0.2821
0.3442, -0.1429, 0.0991, -0.0054, -0.3517

layers.7
-0.4530, 0.4444, -0.0031, 0.4893, 0.1561
-0.3602, -0.3859, -0.4003, 0.2987, -0.3263
-0.2684, -0.1124, 0.3715, -0.2518, 0.4790
-0.1723, 0.0096, 0.2211, -0.3388, 0.1474
-0.3407, -0.0425, 0.4082, -0.0701, -0.3340

layers.8
0.3867, 0.3162, 0.2861, 0.2803, -0.0808
-0.2723, 0.2087, -0.4328, -0.2353, -0.3111
-0.0971, 0.2090, -0.1363, 0.3305, 0.3105
-0.2681, 0.2467, 0.1837, -0.3226, -0.3877
-0.3820, 0.2875, 0.0887, -0.3945, 0.1595

layers.9
-0.3164, -0.2621, -0.0102, 0.1105, -0.0747
-0.2846, 0.1552, -0.1658, 0.0024, 0.3118
0.4062, 0.3768, 0.3756, 0.3954, -0.3375
-0.2374, 0.3508, -0.0614, -0.4176, 0.3546
0.0260, 0.2232, -0.0704, -0.2875, -0.2993

layers.10
-0.3206, -0.3627, -0.1784, 0.2155, -0.4444
-0.2516, 0.1090, 0.3125, -0.3045, 0.3315
0.0036, -0.0589, 0.1315, -0.4111, 0.3353
0.1944, -0.2622, -0.2552, -0.3529, 0.0937
0.3439, -0.1342, 0.4233, -0.4355, 0.0747

layers.11
0.1653, -0.2545, 0.4190, -0.2770, -0.1811
-0.1788, -0.3212, 0.1351, -0.2305, -0.1898
0.4512, 0.0934, -0.0084, 0.0038, -0.1982
-0.3526, 0.1943, 0.2331, -0.2735, -0.4382
-0.1990, -0.3254, 0.4066, -0.2928, 0.2924

layers.12
-0.4437, -0.2281, 0.2513, -0.3552, 0.0708
0.1999, -0.4236, 0.0743, 0.4011, -0.3241
-0.4450, 0.4547, -0.3075, 0.2601, -0.4213
0.1209, 0.4004, 0.2595, 0.0798, -0.2032
-0.1547, -0.0482, 0.0755, -0.0288, 0.0973

layers.13
0.1496, 0.0968, 0.2690, -0.4779, 0.0851
0.3873, -0.0167, 0.1239, 0.1993, 0.0090
0.4440, -0.1856, -0.2426, 0.3830, 0.0267
-0.4344, 0.0582, 0.0732, 0.4324, 0.0900
-0.4025, -0.0006, 0.4481, 0.1197, -0.2343

layers.14
0.3960, -0.0691, 0.2501, 0.2352, -0.1228
-0.2108, -0.3642, 0.0163, -0.1309, -0.4349
-0.0618, -0.2088, -0.3049, -0.4856, 0.4281
0.3471, 0.0506, 0.4439, 0.0599, 0.2047
0.2615, 0.0945, -0.2151, -0.0590, -0.3547

layers.15
0.2857, -0.3729, 0.0163, 0.3186, 0.1117
-0.4006, 0.4034, -0.2289, -0.0480, -0.2811
-0.1382, 0.3115, 0.3162, 0.3265, 0.3175
-0.1532, 0.4354, 0.3505, 0.0414, 0.1153
-0.0832, -0.3160, 0.1961, -0.3583, 0.1008

layers.16
0.3086, 0.1998, -0.3899, -0.4098, 0.0217
-0.1979, 0.0739, -0.3063, -0.2105, -0.2403
0.1079, -0.3808, -0.3257, 0.3833, 0.1704
-0.2796, -0.2598, -0.0477, 0.4433, 0.2248
0.2319, -0.3918, 0.3760, 0.2839, 0.4227

layers.17
0.3925, -0.3585, 0.1178, 0.0685, -0.0266
0.2070, -0.4632, -0.1994, -0.0496, -0.2929
0.4153, 0.0736, 0.3449, 0.0478, -0.3514
-0.1602, -0.0029, -0.4083, -0.1381, -0.2575
0.1181, 0.3930, -0.1265, -0.2909, -0.2887

layers.18
-0.0982, 0.3110, -0.3680, -0.0170, 0.4653
0.2853, 0.2901, -0.3738, 0.1124, 0.0921
-0.0183, 0.3180, -0.0138, -0.4058, 0.4330
0.1304, -0.3948, -0.4469, 0.1653, 0.4359
-0.0641, 0.0181, -0.1815, 0.2398, 0.2361

layers.19
-0.1146, -0.4732, -0.1407, 0.4080, -0.4168
-0.1922, -0.2590, 0.2388, 0.1401, -0.0466
-0.1180, -0.3093, -0.3180, 0.2453, -0.3589
-0.1684, -0.3890, 0.2417, -0.2607, 0.3542
0.2281, 0.0446, 0.0366, -0.0700, 0.1407

layers.20
-0.2864, -0.4684, -0.2286, 0.4361, -0.2375
0.0791, -0.3381, 0.2416, -0.0921, 0.3710
0.3014, -0.3297, -0.4363, -0.3280, 0.3937
-0.2284, 0.0680, 0.2125, 0.0432, 0.3220
0.0773, -0.0292, 0.1234, -0.1653, -0.3779

layers.21
0.1076, 0.4158, 0.2045, -0.4025, -0.3656
-0.2194, 0.2570, 0.0081, 0.3327, -0.2280
-0.2909, -0.4298, 0.4322, -0.1194, 0.4381
-0.2832, 0.0445, 0.3239, -0.1724, -0.1670
-0.1608, -0.2633, 0.0147, -0.3445, 0.0745

layers.22
-0.1837, 0.3615, -0.1297, -0.0198, -0.2316
-0.2566, 0.1908, 0.1935, -0.3496, 0.2362
-0.3191, 0.3916, 0.0719, 0.2078, 0.4258
0.0347, 0.2343, 0.2685, 0.3659, -0.3381
0.4437, 0.3316, 0.4717, -0.4622, 0.0271

layers.23
-0.3265, -0.3410, -0.3162, -0.3231, 0.5015
-0.3837, -0.1052, 0.0161, 0.3639, 0.1579
0.3831, 0.1602, 0.4494, 0.0137, -0.3344
-0.3341, -0.0439, -0.2908, 0.1518, 0.2275
0.4212, -0.2047, 0.1266, 0.0288, 0.1429

layers.24
-0.2807, 0.1061, 0.4580, 0.2039, 0.1562
0.1809, 0.0569, 0.2317, -0.4263, 0.3481
-0.1291, -0.1454, 0.3238, -0.2836, 0.2473
-0.3072, 0.1031, -0.3863, 0.0155, -0.1809
0.2807, 0.1202, -0.1030, 0.2079, 0.1633

layers.25
0.2560, -0.2763, 0.0058, -0.2418, 0.4879
-0.0393, 0.1658, -0.3526, 0.3995, -0.1938
0.1497, -0.0279, 0.0296, 0.3361, -0.2315
0.3613, -0.0526, 0.0603, 0.0712, 0.4293
0.1665, 0.1192, 0.0939, 0.3854, 0.0248

layers.26
-0.4446, -0.1508, 0.2623, -0.2938, -0.4400
-0.3276, -0.0115, -0.3485, 0.2490, -0.0227
0.0967, -0.4165, -0.3557, -0.0900, -0.2684
-0.3588, -0.2140, 0.3773, 0.2645, -0.0477
-0.2440, -0.2093, -0.2766, 0.4375, 0.3773

layers.27
-0.1820, 0.2560, 0.0591, -0.2953, -0.3140
0.0449, 0.4457, 0.4479, -0.3057, 0.0133
0.1110, -0.3645, 0.4190, 0.4609, 0.2939
-0.4131, 0.2548, -0.3976, -0.2356, -0.0757
-0.3870, -0.1958, -0.3224, -0.4082, 0.0509

layers.28
-0.0310, 0.0826, -0.2450, 0.2906, 0.2410
-0.0941, 0.3850, 0.4337, -0.4710, -0.4202
0.3487, -0.3338, 0.4494, -0.2822, 0.1024
-0.4427, 0.2940, 0.1913, -0.0950, -0.1788
-0.0803, -0.1729, -0.1782, -0.0239, 0.1458

layers.29
-0.3871, -0.4139, 0.0885, -0.3471, 0.3696
0.1490, -0.3474, -0.3467, 0.0502, 0.0155
0.3902, 0.4330, 0.1416, 0.3710, 0.0103
0.0113, -0.3252, -0.3379, -0.2534, -0.3486
0.0755, 0.2191, 0.2990, 0.2157, -0.1821

layers.30
0.2743, 0.0333, 0.1953, -0.0055, -0.0014
-0.1509, 0.2462, 0.2810, -0.2713, 0.1504
0.4271, -0.2745, -0.3760, -0.4093, 0.1833
0.0131, 0.0075, -0.2494, 0.1405, 0.2691
-0.1838, -0.1707, 0.3941, -0.0085, 0.3411

layers.31
0.3543, -0.4157, -0.2766, 0.2243, -0.1060
-0.1492, 0.0179, 0.3116, -0.1147, 0.4663
0.0605, 0.1870, -0.0791, -0.3056, 0.0286
0.3383, -0.0898, -0.2756, 0.2624, -0.3127
-0.3352, -0.1093, 0.3684, 0.3530, 0.1600

