layers.0
-0.2794, 0.2569, 0.3071, -0.3368, 0.3597
-0.3411, -0.0141, 0.2448, 0.3188, -0.4356
0.3575, -0.2940, 0.0807, 0.2011, 0.2923
0.0908, 0.4246, -0.2260, 0.2386, 0.3383
0.4085, -0.4213, -0.0892, -0.1005, 0.3150

layers.1
-0.1397, 0.2062, 0.3798, -0.1449, -0.2198
-0.0792, 0.2946, -0.2574, 0.3274, -0.2361
-0.2548, 0.4025, 0.0006, 0.3222, 0.3192
0.3642, -0.0679, -0.4013, 0.1980, 0.2845
-0.3481, -0.3832, 0.2468, 0.0653, -0.2333

layers.2
-0.4944, 0.0943, -0.4877, -0.0971, 0.2625
-0.2499, -0.3593, -0.2594, -0.0696, 0.4221
-0.2966, 0.0484, -0.3981, 0.2183, 0.0258
0.0870, 0.2346, -0.3024, 0.4215, -0.3169
-0.0092, -0.0148, 0.1435, -0.3321, -0.4530

layers.3
-0.3134, -0.1798, -0.2886, 0.1899, -0.0762
-0.0961, -0.1578, 0.2764, 0.0751, -0.2874
-0.1668, 0.0652, -0.4932, 0.3719, -0.0844
0.1416, -0.3971, 0.2670, 0.3246, -0.0670
0.2899, 0.4332, 0.2575, -0.2348, -0.2058

layers.4
0.0974, 0.4478, 0.1869, 0.4064, -0.4114
-0.4110, -0.3256, 0.0749, -0.1971, 0.3942
0.0086, -0.3316, -0.3059, 0.2627, 0.2327
-0.4155, -0.0648, -0.2111, 0.0905, -0.0997
0.3241, -0.0933, 0.3604, 0.0942, -0.2060

layers.5
0.0171, -0.2393, 0.1312, -0.3604, 0.0188
0.0735, 0.1563, 0.3288, 0.2721, 0.3038
0.2095, 0.0228, -0.3645, 0.3238, -0.1083
-0.3798, 0.4184, 0.1538, -0.0525, -0.4269
0.3418, 0.3386, 0.2998, -0.0836, -0.3488

layers.6
-0.3582, 0.3200, -0.1251, 0.0117, 0.4618
0.3843, -0.0876, -0.3377, 0.0855, 0.0848
-0.1295, 0.4279, 0.3165, 0.3935, 0.0720
-0.0124, -0.4382, -0.1124, -0.1670, 0.3419
0.4001, -0.0287, -0.3196, -0.3150, -0.0823

layers.7
0.2926, 0.4817, -0.3429, -0.2951, -0.2103
-0.2725, 0.0510, -0.2234, -0.2010, 0.3103
-0.1508, 0.0737, 0.1667, -0.3502, 0.4835
0.0103, 0.2824, 0.4216, -0.4500, -0.1023
0.2096, 0.1329, 0.4544, -0.4039, 0.0600

layers.8
-0.4049, 0.1690, -0.1003, 0.1647, 0.4261
-0.3817, 0.0741, 0.1390, -0.0353, 0.2360
0.0562, 0.4867, -0.4143, -0.3520, -0.3299
-0.0765, -0.0639, -0.2580, -0.2522, 0.1486
0.1523, -0.4307, -0.0127, 0.0742, -0.0413

layers.9
-0.3886, -0.1536, 0.4614, 0.2356, -0.0024
0.3143, -0.4315, 0.4005, 0.2162, -0.0751
-0.3763, 0.2012, 0.3470, 0.2698, 0.1969
-0.1573, -0.4312, 0.2473, 0.1690, 0.2286
-0.2866, 0.3129, 0.2448, -0.4624, -0.3000

layers.10
-0.4497, 0.3416, 0.1063, 0.4959, -0.2493
0.2056, -0.2196, 0.2906, -0.3825, 0.2035
-0.0111, -0.2973, -0.1327, -0.4274, -0.2408
0.3213, -0.3639, -0.1342, 0.4292, 0.2485
0.4273, -0.4452, 0.1738, -0.3115, -0.4113

layers.11
0.4102, -0.0211, 0.0754, -0.3768, 0.1174
-0.2405, -0.2276, -0.2586, 0.0773, 0.2585
0.4226, -0.3120, 0.2947, -0.4713, -0.4237
0.0436, -0.4330, 0.3830, -0.1094, 0.0084
0.2621, -0.1650, -0.0033, 0.3396, -0.0731

layers.12
0.3988, 0.3643, -0.2822, -0.3669, -0.2392
-0.1011, -0.2250, -0.3491, -0.3275, -0.0090
-0.0158, -0.0858, 0.2486, 0.1690, -0.4140
-0.0324, 0.3065, -0.0287, -0.4325, 0.0509
0.2622, 0.2852, 0.0226, -0.3375, -0.3205

layers.13
-0.2707, 0.4729, 0.4615, 0.0267, -0.4770
0.0683, -0.2734, 0.4300, -0.0881, -0.0986
-0.1584, 0.2979, 0.4423, 0.2634, -0.4165
-0.0745, 0.3082, 0.0030, -0.1117, 0.2954
-0.4040, 0.0373, -0.4650, -0.0384, 0.4481

layers.14
0.0663, -0.2700, 0.3752, -0.2642, -0.1684
0.2341, 0.1469, -0.4359, 0.2017, -0.4424
0.0947, 0.4253, 0.0201, -0.0025, 0.0830
-0.1003, -0.3610, 0.1646, 0.1456, -0.0933
0.2284, 0.1017, 0.4290, -0.1064, 0.1591

layers.15
0.3386, 0.4200, 0.3985, -0.4104, -0.2400
0.2716, -0.0602, 0.1323, -0.0191, 0.3810
0.4001, -0.3102, -0.3111, 0.2153, -0.2094
0.3557, -0.3218, -0.2928, -0.0597, -0.0039
-0.1650, -0.1674, -0.1442, 0.0379, 0.0586

layers.16
0.0207, 0.1937, -0.2559, -0.1337, -0.0882
-0.1723, -0.3651, -0.2140, -0.3896, 0.2881
-0.3823, -0.3898, 0.3097, -0.4367, -0.0105
-0.2483, -0.3049, -0.1187, -0.0561, 0.1735
0.2131, -0.2105, -0.2775, 0.2501, 0.0196

layers.17
0.2167, -0.0157, 0.2824, 0.4038, -0.2959
-0.0871, 0.2226, -0.1421, 0.2470, -0.4689
-0.0981, -0.0677, -0.2312, -0.1079, 0.2667
0.4458, -0.0433, 0.4346, 0.0486, 0.4319
0.3719, 0.4470, 0.1551, -0.4232, 0.1887

layers.18
-0.3299, 0.3344, -0.4780, 0.1638, -0.3400
0.0987, -0.0731, 0.1602, 0.2183, -0.2390
0.2243, 0.4117, 0.1017, -0.2655, -0.3441
0.3012, -0.4249, 0.2801, -0.3620, 0.0411
0.3461, -0.3955, 0.0177, -0.4566, 0.0548

layers.19
-0.4376, -0.1194, 0.0704, -0.1491, -0.2664
0.2109, -0.2863, 0.0929, 0.4190, 0.2398
-0.4136, 0.2356, 0.4342, 0.0734, 0.2486
0.3554, 0.1417, 0.0439, 0.3662, -0.3514
-0.1344, -0.2793, -0.1448, 0.1249, -0.1330

layers.20
0.2088, -0.4467, -0.2615, -0.0454, -0.3905
-0.2677, 0.1600, 0.4006, 0.2521, -0.0579
0.1170, 0.3178, -0.0173, 0.0844, 0.4211
0.4014, -0.2203, 0.3220, -0.1480, -0.4063
-0.2531, 0.3905, -0.1163, 0.2189, 0.0771

layers.21
-0.2518, -0.3796, 0.1992, 0.3545, -0.2714
0.3863, 0.1074, -0.0249, -0.2485, 0.2696
0.2668, 0.1842, 0.3233, 0.1891, -0.4499
-0.2482, 0.3140, -0.1294, 0.2185, 0.3429
-0.2513, 0.1792, -0.1807, 0.3957, -0.1286

layers.22
-0.2181, -0.1268, -0.2018, 0.2997, -0.4136
0.1627, -0.3397, -0.4355, -0.1325, -0.4222
-0.1029, -0.2798, 0.3463, 0.0729, 0.1734
-0.2717, -0.2656, 0.4389, 0.0001, 0.4077
-0.3309, -0.2879, 0.3282, -0.3982, -0.1268

layers.23
-0.1307, -0.0852, -0.3614, -0.1886, -0.4285
-0.1963, -0.1813, 0.3019, 0.2550, -0.3404
0.4554, 0.0351, -0.2031, -0.2820, -0.1519
-0.3264, -0.0538, -0.1018, 0.2994, 0.0855
0.1992, 0.0483, 0.3557, 0.1593, 0.0113

layers.24
-0.3489, -0.2214, 0.0084, -0.3248, 0.2053
-0.4082, -0.1200, -0.1559, -0.0355, 0.2786
0.1122, 0.2619, 0.3292, -0.4153, -0.3533
0.4127, -0.1503, -0.3080, -0.3641, -0.3604
0.2667, 0.4026, -0.4037, -0.2045, -0.1517

layers.25
0.2856, 0.2778, -0.0250, -0.0223, -0.0913
-0.0259, -0.3340, -0.4361, 0.1295, 0.2654
-0.2385, 0.0197, 0.0685, 0.4038, -0.2884
-0.2230, -0.3657, 0.2755, -0.2103, -0.3612
0.3282, 0.3716, 0.2158, 0.3390, 0.2850

layers.26
0.1974, 0.0098, 0.2947, -0.1917, 0.4422
0.3859, 0.4054, -0.0012, -0.0702, 0.2875
-0.4662, 0.4529, 0.1794, 0.0171, -0.4450
0.2551, 0.3979, -0.2092, 0.4253, 0.3604
0.0073, 0.0283, -0.0999, -0.4095, 0.3364

layers.27
-0.0177, -0.4257, 0.1380, -0.2822, -0.0775
0.2320, 0.4176, 0.3194, 0.2536, -0.0106
0.3935, -0.1302, 0.1870, -0.2539, 0.1254
-0.0620, 0.0865, -0.3919, -0.2855, 0.1787
0.0041, -0.4044, -0.4034, -0.1748, 0.2689

layers.28
0.2870, -0.2274, -0.4436, 0.2387, 0.1873
-0.1318, -0.2598, 0.2246, -0.1955, 0.4045
0.3578, 0.0812, -0.1095, -0.0499, 0.1958
-0.3838, -0.0247, 0.0472, 0.2319, -0.0983
-0.3758, -0.1597, 0.3510, 0.0748, -0.0671

layers.29
0.1916, 0.3174, 0.1782, 0.0673, 0.2459
0.3129, 0.2498, -0.2498, -0.1269, -0.0529
-0.0047, 0.3631, 0.2375, -0.3287, -0.3929
-0.1970, 0.2993, 0.4488, -0.3071, -0.0894
0.0407, 0.3536, -0.3911, -0.4137, -0.0153

layers.30
-0.2835, 0.0667, 0.0725, -0.0683, -0.0542
-0.0758, 0.2369, -0.4259, -0.4319, 0.0745
0.1553, -0.1990, 0.1891, 0.1465, -0.3022
0.0781, 0.3366, -0.2808, -0.0388, 0.3406
-0.3875, -0.3143, 0.3948, 0.1359, 0.2580

layers.31
0.0601, 0.1030, 0.3769, -0.3791, -0.1346
-0.1164, -0.0219, -0.3804, -0.4561, 0.4216
0.2643, -0.3767, 0.2771, 0.1305, 0.2954
-0.4059, 0.1218, 0.1156, 0.1506, -0.3705
0.4016, 0.3492, 0.1709, 0.2383, -0.3364

