layers.0
0.4093, -0.1462, 0.3241, -0.3386, 0.0953
-0.1625, -0.2551, 0.2924, -0.0032, 0.2477
-0.0186, -0.3899, 0.4261, -0.1047, -0.2200
0.4386, 0.0237, 0.3584, 0.0297, 0.2112
0.0681, -0.1184, -0.1552, -0.3110, -0.0079

layers.1
0.3217, 0.4438, 0.2305, 0.1619, -0.3531
-0.0213, 0.3991, -0.3213, -0.3111, 0.2276
0.1915, 0.1175, 0.1542, 0.3988, -0.3760
0.1508, 0.3917, -0.0329, 0.4543, -0.2314
-0.3187, -0.3507, 0.0157, -0.3285, -0.2448

layers.2
-0.4029, 0.4401, 0.3205, -0.2640, -0.3827
0.1261, 0.3815, -0.2939, 0.3308, -0.1246
-0.1096, -0.5307, 0.3398, 0.0877, -0.4014
0.3634, 0.4427, -0.2079, 0.1150, -0.0155
0.4151, 0.0112, 0.1114, -0.4337, -0.0741

layers.3
-0.4997, -0.2603, 0.0588, 0.4488, 0.1228
-0.2022, 0.4111, -0.1990, -0.3021, 0.3261
0.4476, -0.2582, 0.0464, -0.0937, 0.2301
0.2574, -0.2805, -0.1110, 0.2464, 0.0431
0.3438, -0.4353, -0.3417, -0.2188, 0.4131

layers.4
0.0493, -0.1420, 0.3096, 0.2613, 0.0674
0.2079, -0.1229, 0.4076, -0.0629, -0.0337
0.3599, 0.0308, 0.4400, 0.4396, -0.0739
-0.3133, 0.3701, 0.3763, 0.0788, -0.0294
-0.0015, -0.0752, -0.3804, -0.3961, 0.0941

layers.5
0.3436, -0.0805, -0.2635, -0.0392, -0.4280
0.2645, -0.1504, 0.3004, -0.1885, 0.2906
-0.2467, -0.2643, -0.0980, 0.1224, -0.1545
-0.2496, -0.2305, 0.0096, -0.1842, 0.3097
-0.0257, -0.4334, 0.2847, 0.1139, 0.0738

layers.6
0.2748, 0.2529, -0.4980, -0.4358, -0.2851
-0.1228, -0.0654, 0.0853, -0.2212, -0.1229
-0.3103, -0.3976, 0.1481, 0.1067, 0.4732
-0.4068, 0.4005, -0.1730, -0.0155, 0.1326
-0.2654, -0.0962, 0.0828, 0.2591, -0.2735

layers.7
-0.0824, 0.4373, -0.4153, -0.3275, -0.1566
-0.2598, -0.0470, 0.1092, -0.3320, 0.2030
0.0733, 0.3411, -0.3340, 0.0567, 0.2812
0.4485, -0.3462, -0.3716, -0.0541, 0.3642
-0.3347, 0.1887, 0.3055, -0.2797, -0.2268

layers.8
-0.3028, 0.4170, 0.2240, 0.4145, 0.0216
-0.1128, 0.0413, 0.3359, -0.4272, 0.4577
0.2174, 0.2805, -0.4472, -0.3842, -0.4897
0.0067, 0.3779, 0.2925, 0.0836, -0.3245
0.3021, -0.3582, 0.1801, 0.2845, 0.1283

layers.9
0.4020, 0.0959, 0.4132, -0.4979, 0.0171
-0.2367, 0.0013, 0.1139, 0.4155, -0.0599
-0.2068, 0.2549, -0.4949, 0.4398, -0.1229
0.1838, -0.1625, 0.0628, -0.2596, -0.3931
-0.2710, -0.2317, 0.4363, 0.1269, 0.1510

layers.10
0.4361, 0.2499, -0.3664, -0.3803, -0.3709
-0.1806, -0.3928, -0.3951, 0.4145, -0.2997
0.2463, -0.4287, 0.1110, 0.1389, 0.3932
0.0471, 0.1295, -0.4393, -0.2186, 0.1996
0.0623, -0.3487, -0.0835, 0.1007, -0.0987

layers.11
-0.1224, 0.2224, 0.0344, 0.4156, 0.2578
0.3357, 0.3968, -0.0733, 0.2509, -0.2543
0.2956, -0.1009, -0.4155, 0.0533, -0.4611
-0.0500, -0.1023, -0.2930, 0.4414, -0.3763
0.4278, -0.3814, -0.3753, -0.1332, -0.3432

layers.12
0.2838, 0.4016, -0.3056, 0.0417, 0.0813
0.0002, -0.4401, 0.0102, -0.2321, 0.4185
0.1190, 0.2862, 0.3147, 0.0215, 0.1561
-0.2567, 0.2303, 0.1477, -0.4704, -0.0907
-0.3806, 0.1116, 0.2660, -0.0106, -0.0483

layers.13
-0.1019, 0.0246, -0.1915, -0.4514, -0.1379
-0.0978, -0.1834, 0.1492, -0.1008, -0.2777
-0.2796, 0.3871, 0.1108, 0.2268, -0.4657
-0.0562, -0.4362, 0.4139, 0.3595, 0.1681
-0.3344, 0.0435, -0.0750, -0.0747, 0.4295

layers.14
-0.1802, -0.2157, -0.3535, 0.3563, -0.3384
-0.2656, -0.0034, 0.3413, -0.1406, -0.0987
0.0696, 0.4607, -0.3960, 0.1028, 0.4006
-0.4274, 0.0490, 0.0322, 0.0986, 0.2492
-0.4376, 0.0888, 0.2425, 0.2553, 0.3810

layers.15
-0.1350, -0.1254, 0.3876, -0.1759, 0.4208
-0.0746, -0.2500, -0.1815, 0.0814, 0.4425
-0.3675, 0.0403, 0.1166, 0.0752, -0.0788
-0.3219, 0.3895, -0.1673, -0.3029, -0.0453
-0.2070, 0.0527, 0.1994, 0.0018, 0.2135

layers.16
0.4627, -0.1551, 0.2874, 0.2991, 0.1620
0.1420, -0.4039, 0.1916, -0.2959, 0.0289
0.1983, 0.0219, -0.3066, -0.4123, 0.0513
-0.0882, 0.3022, -0.4247, 0.2194, -0.0760
-0.3942, 0.0463, 0.2881, -0.0151, -0.4333

layers.17
-0.3109, -0.0619, 0.1924, 0.1782, -0.3730
0.2896, -0.1987, -0.3257, -0.4461, 0.1697
-0.1661, -0.2908, 0.0557, 0.1949, 0.4183
-0.2709, 0.3894, -0.3483, 0.3741, 0.0275
-0.4177, -0.2447, -0.0214, 0.0511, 0.2308

layers.18
-0.1921, -0.5749, -0.5240, 0.1951, 0.4982
-0.2865, 0.0736, -0.2213, -0.2024, -0.1166
-0.4029, 0.0340, -0.2572, 0.4674, -0.1181
-0.0340, -0.0219, -0.3214, -0.1664, 0.4259
-0.1127, -0.0129, 0.4459, -0.4179, 0.2783

layers.19
-0.0758, -0.5335, 0.3891, -0.4146, -0.1111
0.2506, -0.0792, -0.1135, 0.2723, -0.2409
-0.0989, 0.0662, -0.3196, 0.1539, -0.3741
0.1374, -0.4244, 0.2884, -0.1926, 0.2648
-0.3206, 0.4862, 0.0700, 0.2932, -0.1277

layers.20
-0.1054, 0.2921, -0.5003, 0.4483, -0.0228
-0.2725, 0.2316, -0.2747, -0.4122, -0.0063
-0.4233, 0.1785, 0.2727, 0.0826, -0.0677
-0.1960, -0.0330, -0.1631, 0.1376, 0.2567
0.2872, 0.1979, -0.2630, -0.1684, 0.1458

layers.21
0.0444, 0.0292, 0.0962, 0.4241, -0.4239
-0.2548, -0.4497, 0.1306, -0.4179, -0.2443
-0.4596, -0.4575, 0.3741, -0.0475, -0.5461
0.0852, 0.3337, 0.1235, 0.2572, -0.3577
0.3168, 0.4539, -0.2144, -0.1323, -0.3274

layers.22
-0.2783, -0.3946, 0.1310, 0.0865, -0.6019
0.0720, -0.4009, -0.0810, 0.0130, 0.0393
-0.4978, 0.3923, -0.2924, -0.1291, -0.0548
-0.2470, -0.3529, -0.3556, 0.4290, -0.1221
-0.0796, -0.2794, 0.0667, -0.1513, -0.0761

layers.23
0.0841, 0.0968, 0.0533, -0.5338, -0.3031
-0.1715, 0.2767, -0.3167, 0.1535, -0.3463
0.3128, -0.4137, -0.4284, -0.3073, -0.1969
-0.0725, -0.1773, -0.2307, -0.0466, -0.2869
0.1610, 0.1346, -0.1847, 0.3232, 0.0268

layers.24
-0.1423, 0.0963, -0.4246, -0.0816, -0.2988
-0.1731, 0.2369, 0.4317, -0.3394, -0.1349
0.4244, -0.3819, -0.1641, 0.1814, -0.5342
-0.3419, 0.4742, -0.3637, -0.3558, -0.2365
0.0120, -0.0882, -0.1297, 0.0280, 0.2436

layers.25
-0.2388, -0.4373, -0.4500, 0.3965, -0.4674
-0.4265, -0.3435, -0.4751, 0.1041, 0.5219
-0.1532, 0.1425, -0.3342, 0.3510, 0.4212
0.0625, -0.1388, 0.0341, 0.1817, -0.3742
-0.4182, -0.1614, 0.0000, -0.1588, 0.2151

layers.26
0.4734, 0.4534, 0.1282, 0.3461, 0.0154
0.3829, -0.0904, 0.4289, -0.2818, -0.0960
0.3471, -0.0634, -0.3350, -0.3193, 0.4578
0.3448, 0.4152, 0.3466, 0.0138, -0.3974
0.1466, -0.4492, 0.0660, 0.4227, 0.2001

layers.27
-0.4955, 0.2580, -0.5481, -0.1122, 0.4238
-0.4409, 0.3859, 0.4543, 0.3443, -0.1622
0.0520, -0.3350, 0.4422, -0.2392, 0.3976
-0.0260, 0.2371, 0.1607, -0.3641, -0.1917
-0.5421, -0.0193, 0.1814, 0.5625, -0.0390

layers.28
-0.2327, 0.3854, 0.3081, -0.1629, 0.3688
-0.2301, -0.3192, 0.0231, 0.3150, 0.1402
0.0932, -0.1601, -0.0853, -0.2025, 0.5166
-0.4226, -0.1986, -0.3227, -0.2586, -0.3769
-0.5345, 0.0461, -0.2717, 0.3888, -0.3263

layers.29
-0.2940, -0.0068, 0.2890, 0.3833, -0.2067
0.4668, -0.2738, -0.3974, -0.4321, -0.3759
0.3770, -0.3595, -0.4336, 0.3771, -0.2745
0.0665, -0.2539, 0.2094, -0.0815, 0.4112
0.0587, -0.3798, 0.3908, -0.1758, 0.0540

layers.30
0.0198, 0.3273, 0.1801, -0.4311, 0.4078
0.3788, -0.4347, -0.3843, 0.0023, -0.3426
-0.1312, 0.0983, 0.0106, -0.2897, 0.0040
-0.1182, 0.0947, 0.0623, 0.0337, 0.0408
0.0694, -0.1131, 0.1410, -0.1052, 0.2379

layers.31
-0.2615, -0.1573, -0.4709, -0.3690, 0.2682
0.2798, -0.0681, 0.2254, -0.1679, -0.2062
-0.1765, -0.5064, 0.1209, 0.4671, -0.3133
0.3496, 0.3553, 0.1105, 0.2360, 0.0716
0.1810, -0.1662, -0.1813, -0.2768, 0.0331

