layers.0
-0.4737, 0.4643, -0.0176, -0.3142, -0.1990
-0.0927, 0.1471, -0.1176, -0.1362, -0.1653
-0.0719, -0.0558, -0.0856, 0.2694, 0.3569
-0.4611, 0.4001, -0.1623, -0.3395, 0.4319
-0.2905, -0.0361, 0.1222, -0.2421, -0.1560

layers.1
-0.4002, 0.0331, -0.4913, -0.2485, -0.1571
-0.1181, 0.0739, 0.2036, 0.4904, -0.3059
0.0399, 0.1004, -0.0150, -0.3453, -0.0641
-0.2022, 0.0015, 0.2816, 0.2878, 0.1011
-0.1805, -0.1464, 0.1233, -0.0981, 0.2967

layers.2
0.3014, 0.0532, -0.0290, -0.2710, -0.1726
-0.2457, 0.0646, -0.3171, 0.1439, -0.2693
0.3919, 0.3387, 0.2236, -0.2711, 0.3602
-0.1141, 0.0809, -0.1175, -0.0271, -0.0463
-0.1455, 0.2181, -0.0245, -0.4570, 0.3750

layers.3
-0.3886, -0.2169, 0.0945, -0.1318, -0.2465
-0.4564, -0.4012, 0.4754, 0.1369, -0.3446
-0.0302, 0.1370, 0.2166, 0.3584, -0.1515
-0.1915, -0.4012, 0.1903, 0.1621, -0.3976
0.2241, 0.4911, -0.2295, -0.4954, -0.1551

layers.4
0.3028, -0.0385, 0.4322, -0.1772, -0.3803
-0.4665, 0.0940, -0.0207, 0.1405, -0.1538
-0.0383, 0.2237, 0.1074, 0.3022, -0.4383
-0.0295, -0.3798, 0.2478, 0.2206, -0.2922
0.2275, -0.4707, -0.4307, 0.1997, -0.3146

layers.5
-0.0632, 0.2225, -0.3410, 0.3124, -0.4584
0.2373, 0.1795, 0.0001, -0.0075, -0.4382
0.1285, -0.1460, 0.4085, -0.3757, 0.3765
0.0457, 0.4037, 0.4238, -0.0924, 0.3345
-0.0764, -0.1588, -0.1971, -0.2768, -0.0571

layers.6
-0.0192, -0.0000, 0.0596, 0.2644, 0.4519
-0.2237, 0.2008, 0.0389, 0.4092, -0.1304
0.1289, 0.2832, -0.2073, 0.4109, 0.2269
-0.1583, 0.2550, -0.2435, -0.2424, -0.3074
0.2744, 0.4143, 0.2627, -0.3298, -0.0801

layers.7
0.4211, -0.3439, -0.3737, 0.0675, -0.3640
0.1786, 0.3066, 0.0531, 0.0974, -0.2117
0.2587, 0.0066, -0.3261, -0.3103, -0.0096
0.2899, -0.0177, -0.1610, -0.1966, 0.0472
-0.0519, 0.3573, -0.0031, -0.0017, -0.4034

layers.8
-0.0543, 0.2511, 0.0020, 0.4849, -0.3060
0.2998, -0.4465, -0.1148, -0.1206, 0.0531
-0.2477, -0.4044, -0.0977, -0.2302, -0.2550
0.0743, -0.4370, 0.0526, 0.3305, 0.2894
-0.4125, 0.2600, -0.3181, -0.2014, -0.2835

layers.9
0.0259, 0.3608, -0.2563, -0.3000, -0.0389
0.0682, 0.1976, 0.4213, 0.0828, 0.2640
-0.2621, -0.1491, -0.0434, 0.4718, -0.0032
0.1797, -0.4297, -0.3912, -0.0275, 0.2527
-0.4593, -0.2525, -0.2653, 0.0885, -0.1288

layers.10
0.0027, -0.1927, -0.4403, 0.3253, -0.0755
0.1801, -0.4450, -0.1695, -0.4312, 0.1120
-0.2470, -0.3692, 0.1279, -0.4460, -0.0300
-0.1782, -0.2782, 0.1115, 0.0554, 0.0152
0.1413, 0.4620, 0.3653, 0.1273, 0.4181

layers.11
0.3694, 0.1421, 0.2210, 0.3812, -0.1363
-0.2127, -0.3744, 0.0068, 0.1579, 0.3131
-0.1165, -0.3313, 0.2277, -0.3717, 0.2500
-0.3780, 0.3736, 0.4276, 0.2550, 0.1534
-0.2393, -0.4480, -0.0457, -0.3103, -0.2659

layers.12
-0.0979, 0.4647, 0.3700, 0.3337, -0.0135
-0.1315, 0.0843, -0.0761, 0.3580, -0.3438
-0.4034, -0.3941, -0.1519, 0.2800, -0.0327
0.3440, 0.1902, 0.1544, 0.0088, -0.2603
0.0244, -0.3389, 0.3691, -0.4157, 0.3923

layers.13
0.3189, 0.2342, 0.1102, 0.3445, -0.1429
-0.3103, 0.3634, -0.1154, 0.4287, 0.3352
-0.4259, -0.1583, 0.2226, -0.3989, 0.1830
0.0146, 0.1083, 0.0267, -0.3617, 0.3496
0.2258, -0.0799, 0.0993, -0.0846, -0.3969

layers.14
0.1671, 0.2225, 0.0565, 0.4525, -0.1858
-0.0875, 0.3534, 0.2872, 0.4197, 0.3551
0.0908, -0.1818, -0.2939, 0.1274, 0.2779
0.4311, -0.2126, 0.0987, -0.2231, -0.3657
0.2358, 0.3707, 0.3443, 0.2039, -0.2178

layers.15
0.1280, -0.2939, 0.4349, 0.3559, -0.1558
0.2132, -0.0059, 0.3022, -0.3728, 0.2920
-0.3628, -0.0948, 0.0968, 0.1308, 0.3974
0.2011, -0.1115, 0.2033, -0.3757, -0.1412
-0.3030, 0.3158, 0.0404, 0.3468, 0.3583

layers.16
-0.0539, 0.0374, 0.2419, -0.2289, -0.1568
0.0634, -0.2750, 0.3390, 0.3381, 0.1945
0.1638, -0.0722, 0.2715, 0.3526, -0.4322
0.0428, 0.4016, 0.2627, 0.1820, 0.1036
-0.1105, -0.3044, 0.0132, 0.3056, 0.2765

layers.17
0.3090, 0.3053, 0.2094, -0.2763, -0.3672
0.4390, 0.0700, 0.3485, 0.0916, -0.3093
-0.2580, 0.4115, 0.3028, 0.3784, 0.4233
0.0850, 0.4441, 0.3977, -0.1273, -0.3517
-0.1190, -0.4111, -0.3700, -0.0801, -0.2748

layers.18
0.3137, -0.1686, -0.2276, 0.2653, -0.1847
0.3056, -0.2543, -0.1772, 0.1890, -0.1994
-0.0110, 0.4389, -0.0586, 0.0008, 0.3626
0.0180, 0.2588, 0.3995, 0.0699, 0.2053
-0.4408, 0.0031, 0.1837, 0.3574, 0.0509

layers.19
-0.4315, -0.1275, -0.1157, 0.3246, -0.1510
0.1982, 0.3801, 0.2273, -0.1946, 0.1087
-0.1831, 0.0802, -0.3517, -0.4538, -0.2055
-0.1685, -0.2677, -0.2233, -0.0215, -0.1572
0.2135, -0.1317, -0.0025, 0.4277, 0.3352

layers.20
0.3181, -0.3749, 0.4479, 0.3673, -0.3407
-0.3038, -0.0802, -0.3674, 0.3657, 0.2273
-0.2540, -0.0472, -0.3589, -0.3068, 0.1143
0.0591, 0.1766, -0.0200, 0.2998, -0.4160
-0.0072, -0.1999, 0.2346, -0.0347, -0.0938

layers.21
-0.3372, 0.0060, 0.3876, 0.0137, -0.1224
0.1571, 0.2766, 0.0405, 0.3700, -0.3630
-0.1498, -0.2710, -0.1411, 0.0236, -0.3248
-0.3904, 0.3934, -0.3811, 0.0133, -0.1721
-0.1715, 0.0817, -0.0646, -0.2142, 0.2089

layers.22
-0.2890, -0.1530, 0.4889, -0.3231, -0.5202
0.3708, -0.2767, -0.1221, -0.3083, -0.2908
-0.2008, -0.2564, -0.3092, 0.0411, -0.3940
0.0944, -0.0996, -0.0693, 0.0615, -0.0324
-0.0419, -0.0514, 0.1501, 0.3020, 0.4286

layers.23
0.2152, -0.4219, -0.2001, 0.1797, -0.0871
-0.4431, -0.2486, -0.4479, -0.0139, 0.3708
-0.3753, 0.1171, 0.3284, -0.4824, 0.5389
0.3193, -0.2239, 0.4537, -0.4138, 0.0177
-0.3639, 0.3198, -0.3220, 0.0731, -0.3500

layers.24
-0.2022, -0.1780, 0.2223, 0.1684, -0.4392
-0.3013, -0.1527, -0.0224, 0.3293, 0.1117
-0.0653, -0.0788, -0.2142, 0.0207, -0.0563
-0.0771, 0.2041, -0.1216, -0.1656, -0.3268
0.1486, 0.0750, -0.4330, -0.3201, -0.2347

layers.25
0.1924, -0.0568, -0.0233, -0.4026, -0.0980
0.2430, 0.2643, -0.2872, -0.4132, -0.3474
0.2155, 0.2418, -0.0713, 0.1720, 0.3836
-0.4075, 0.1861, -0.1242, 0.2108, 0.3303
-0.3059, -0.4136, 0.0985, -0.1202, -0.1342

layers.26
-0.0847, -0.4178, -0.0388, 0.2054, -0.1917
0.2048, -0.1259, -0.3538, 0.1028, 0.0955
0.3607, 0.3162, -0.4493, -0.3224, 0.2516
-0.0822, 0.0955, 0.1710, -0.3936, 0.0738
-0.3999, -0.1540, -0.1313, 0.3440, 0.2755

layers.27
-0.0236, -0.1529, -0.3140, 0.3423, 0.3415
-0.4342, 0.1794, 0.3313, 0.0318, -0.4008
0.3628, 0.5447, -0.2675, -0.5702, -0.1959
0.4342, 0.3053, 0.3198, 0.1221, -0.1532
-0.0279, -0.0722, -0.4607, -0.3629, 0.3183

layers.28
0.3282, 0.4773, 0.0128, -0.2698, -0.3065
0.2832, -0.1074, 0.3899, 0.0362, -0.1545
0.3442, -0.3932, 0.4702, 0.1203, 0.2293
-0.3259, 0.1337, 0.2570, -0.3324, 0.4068
0.2410, -0.0252, 0.4135, -0.4262, -0.1877

layers.29
0.0435, 0.1965, 0.4065, 0.0651, 0.1874
-0.4228, 0.4053, 0.2101, -0.1031, 0.1203
-0.1265, -0.0931, 0.2152, -0.4968, 0.4178
0.2990, -0.2503, 0.2902, 0.0854, 0.0041
0.2805, -0.2263, -0.0830, 0.0750, 0.0285

layers.30
-0.3009, -0.3525, -0.4677, 0.4751, -0.0150
-0.1259, -0.1694, 0.0611, -0.0108, -0.2256
-0.0657, 0.3920, -0.3408, -0.3821, -0.0036
-0.1027, -0.3182, -0.4207, -0.2176, -0.1350
-0.2352, -0.0446, 0.3480, 0.0714, 0.0596

layers.31
-0.4098, 0.3128, -0.2880, 0.0570, 0.1823
0.1105, 0.0334, 0.3853, -0.1497, -0.4228
-0.2908, 0.1955, -0.3067, 0.4007, -0.2598
0.1205, 0.3635, 0.3052, -0.2554, 0.0533
-0.0240, 0.0634, -0.1868, -0.3843, 0.1922

